Length of full Q-table =99
Full Q-table:
              0           1          2           3
0    -0.0217005 -0.00157671         -1   -0.026692
10   -0.0243694  0.00144671 -0.0280272 -0.00468222
20  -0.00471133  0.00713551 -0.0263381 -0.00454844
30 -0.000252394   0.0307269         -1 -0.00216887
40  -0.00471424    0.034515  0.0262747   0.0248197
..          ...         ...        ...         ...
88     0.528664     0.86954   0.713339   -0.851616
89    0.0975757     0.99947   0.138857    0.101404
98     0.616403    0.725221          1    0.384077
99            0           0          0           0
97   -0.0324774   0.0211369   0.709277  -0.0382681

[99 rows x 4 columns]