Length of full Q-table =16
Full Q-table:
              0            1            2           3
0    0.00556311    -0.125469     0.205331   0.0066612
4             0            0            0           0
1     0.0137844   0.00223294     0.337875  0.00656713
2      0.017794     0.506274  0.000476733   0.0109682
3   1.03628e-05  -0.00797206  1.61754e-05   0.0181831
6     0.0216881     0.684748    -0.124593  0.00218687
10    0.0402878     0.848773    -0.113133  0.00274028
5   0.000788996  0.000193657     0.065431 -0.00797206
7             0            0            0           0
9   6.40482e-05  -0.00598502    0.0630849           0
11            0            0            0           0
14     0.051967    0.0932434     0.988612   -0.111356
15            0            0            0           0
13            0            0            0           0
8             0            0  7.53295e-06           0
12            0            0            0           0